detail_key,link,title,author
r18735,https://www.readawrite.com/a/Zi7jgd,LEANMOON | sangtacare,nnanineena
r18824,https://www.readawrite.com/a/Zi8i0l,"counter heat, jaoyingmewnich",withmineprep
r20495,https://www.readawrite.com/a/Zildo3,เปจะเป้นแร้ปเป้อ jaoyingmewnich,พอโจ้ย
r20591,https://www.readawrite.com/a/Zilxmw,Dear God|jaoyingmewnich,รักแกงราดข้าว
r20618,https://www.readawrite.com/a/Zim2kt,red ribbon / jaoyingmewnich,jaonarak
r20670,https://www.readawrite.com/a/Zimhtx,"sherry shade , jaoyingmewnich",judgejust
r20730,https://www.readawrite.com/a/Zimtwy,"angle bisector theorem , jaoyingmewnich",judgejust
r20913,https://www.readawrite.com/a/Zio2u5,Tha Ja Phian - Jaoyingmewnich,sadwithyou
r20970,https://www.readawrite.com/a/Ziogj2,rain | jaoyingmewnich,Gailin_.
r21003,https://www.readawrite.com/a/Ziopw9,"bitch,. |JaoyingMewnich|",ihaveissuebutilovemyself
r21157,https://www.readawrite.com/a/Zipsef,เจ้าหญิงมิวนิค,@aingg
r21258,https://www.readawrite.com/a/Ziqks4,ดอกไม้ที่เหมือนพี่ | เจ้าหญิงมิวนิค,viewyy
r21265,https://www.readawrite.com/a/Ziqohr,Power belongs to the people. jaoyingmewnich,ใจไม่ใช่โจ้ย
r21333,https://www.readawrite.com/a/Zireeu,ถูกใจขนมปังหรือถูกใจพนักงาน?|เจ้าหญิงมิวนิค,Opal Mint Diu Wa
